diary on
>> F = [1.1 2.7 3.2 2.1; 1.2 2.8 3.4 1.8; 2.4 5.2 1.9 2.5; 3.1 6.8 3.5 2]

F =

    1.1000    2.7000    3.2000    2.1000
    1.2000    2.8000    3.4000    1.8000
    2.4000    5.2000    1.9000    2.5000
    3.1000    6.8000    3.5000    2.0000

>> cov_manual(F)

ans =

    0.9367    1.9217   -0.1300    0.0967
    1.9217    3.9492   -0.2200    0.1867
   -0.1300   -0.2200    0.5533   -0.2033
    0.0967    0.1867   -0.2033    0.0867

>> rand(10,2)

ans =

    0.8147    0.1576
    0.9058    0.9706
    0.1270    0.9572
    0.9134    0.4854
    0.6324    0.8003
    0.0975    0.1419
    0.2785    0.4218
    0.5469    0.9157
    0.9575    0.7922
    0.9649    0.9595

>> rand(10,2)*.1

ans =

    0.0656    0.0706
    0.0036    0.0032
    0.0849    0.0277
    0.0934    0.0046
    0.0679    0.0097
    0.0758    0.0823
    0.0743    0.0695
    0.0392    0.0317
    0.0655    0.0950
    0.0171    0.0034

>> Xi = (0.1+0.1)*rand(1,10)-0.1;
>> Yi = (0.1+0.1)*rand(1,10)-0.1;
>> Xi_reshape = reshape(Xi,size(Xi,2),1);
>> 
>> 
>> rand(1, 10)

ans =

  Columns 1 through 9

    0.7513    0.2551    0.5060    0.6991    0.8909    0.9593    0.5472    0.1386    0.1493

  Column 10

    0.2575

Undefined function 'Reshaping' for input arguments of type 'char'.

Error in untitled2 (line 5)
Reshaping the matrices to a 10 x 1 matrix 

>> Xi = 0.1*rand(1,10);
>> Xi = 0.1*rand(1,10)

Xi =

  Columns 1 through 9

    0.0162    0.0794    0.0311    0.0529    0.0166    0.0602    0.0263    0.0654    0.0689

  Column 10

    0.0748

>> Yi = 0.1*rand(1,10);
>> Yi = 0.1*rand(1,10)

Yi =

  Columns 1 through 9

    0.0107    0.0962    0.0005    0.0775    0.0817    0.0869    0.0084    0.0400    0.0260

  Column 10

    0.0800

>> Xi_reshape = reshape(Xi,size(Xi,2),1)

Xi_reshape =

    0.0162
    0.0794
    0.0311
    0.0529
    0.0166
    0.0602
    0.0263
    0.0654
    0.0689
    0.0748

>> Yi_reshape = reshape(Yi,size(Yi,2),1)

Yi_reshape =

    0.0107
    0.0962
    0.0005
    0.0775
    0.0817
    0.0869
    0.0084
    0.0400
    0.0260
    0.0800

>> new_mat = [Xi_reshape Yi_reshape]

new_mat =

    0.0162    0.0107
    0.0794    0.0962
    0.0311    0.0005
    0.0529    0.0775
    0.0166    0.0817
    0.0602    0.0869
    0.0263    0.0084
    0.0654    0.0400
    0.0689    0.0260
    0.0748    0.0800

>> cov(new_mat)

ans =

    0.0006    0.0005
    0.0005    0.0014

>> F = [1.1 2.7 3.2 2.1; 1.2 2.8 3.4 1.8; 2.4 5.2 1.9 2.5; 3.1 6.8 3.5 2]

F =

    1.1000    2.7000    3.2000    2.1000
    1.2000    2.8000    3.4000    1.8000
    2.4000    5.2000    1.9000    2.5000
    3.1000    6.8000    3.5000    2.0000

>> F = [1.1 2.7 3.2 2.1; 1.2 2.8 3.4 1.8; 2.4 5.2 1.9 2.5; 3.1 6.8 3.5 2]

F =

    1.1000    2.7000    3.2000    2.1000
    1.2000    2.8000    3.4000    1.8000
    2.4000    5.2000    1.9000    2.5000
    3.1000    6.8000    3.5000    2.0000

>> F = [1.1 2.7 3.2 2.1; 1.2 2.8 3.4 1.8; 2.4 5.2 1.9 2.5; 3.1 6.8 3.5 2]

F =

    1.1000    2.7000    3.2000    2.1000
    1.2000    2.8000    3.4000    1.8000
    2.4000    5.2000    1.9000    2.5000
    3.1000    6.8000    3.5000    2.0000

>> F = [1 1; 2 2; 3 3; 4 4; 5 5; 6 6; 7  7; 8 8; 9 9; 10 10;]

F =

     1     1
     2     2
     3     3
     4     4
     5     5
     6     6
     7     7
     8     8
     9     9
    10    10

>> Xi = 0.1*rand(1,10);
>> Xi = 0.1*rand(1,10)

Xi =

  Columns 1 through 9

    0.0853    0.0622    0.0351    0.0513    0.0402    0.0076    0.0240    0.0123    0.0184

  Column 10

    0.0240

>> Yi = 0.1*rand(1,10)

Yi =

  Columns 1 through 9

    0.0417    0.0050    0.0903    0.0945    0.0491    0.0489    0.0338    0.0900    0.0369

  Column 10

    0.0111

>> Xi_reshape = reshape(Xi,size(Xi,2),1)

Xi_reshape =

    0.0853
    0.0622
    0.0351
    0.0513
    0.0402
    0.0076
    0.0240
    0.0123
    0.0184
    0.0240

>> Yi_reshape = reshape(Yi,size(Yi,2),1)

Yi_reshape =

    0.0417
    0.0050
    0.0903
    0.0945
    0.0491
    0.0489
    0.0338
    0.0900
    0.0369
    0.0111

>> new_mat = [Xi_reshape Yi_reshape]

new_mat =

    0.0853    0.0417
    0.0622    0.0050
    0.0351    0.0903
    0.0513    0.0945
    0.0402    0.0491
    0.0076    0.0489
    0.0240    0.0338
    0.0123    0.0900
    0.0184    0.0369
    0.0240    0.0111

>> new_mat + F

ans =

    1.0853    1.0417
    2.0622    2.0050
    3.0351    3.0903
    4.0513    4.0945
    5.0402    5.0491
    6.0076    6.0489
    7.0240    7.0338
    8.0123    8.0900
    9.0184    9.0369
   10.0240   10.0111

>> Ultimate_mat = new_mat + F

Ultimate_mat =

    1.0853    1.0417
    2.0622    2.0050
    3.0351    3.0903
    4.0513    4.0945
    5.0402    5.0491
    6.0076    6.0489
    7.0240    7.0338
    8.0123    8.0900
    9.0184    9.0369
   10.0240   10.0111

>> cov(Ultimate_mat)

ans =

    9.0465    9.0931
    9.0931    9.1415

>> Ultimate_mat_new = cov(Ultimate_mat)

Ultimate_mat_new =

    9.0465    9.0931
    9.0931    9.1415

>> [V,D] = eig(Ultimate_mat_new)

V =

   -0.7090    0.7053
    0.7053    0.7090


D =

    0.0008         0
         0   18.1872

>> F

F =

     1     1
     2     2
     3     3
     4     4
     5     5
     6     6
     7     7
     8     8
     9     9
    10    10

>> Xi = (0.1 + 0.1)*rand(1,10) - 0.1

Xi =

  Columns 1 through 9

    0.0561   -0.0221   -0.0517   -0.0192   -0.0807   -0.0736    0.0884    0.0912    0.0150

  Column 10

   -0.0880

>> Yi = (0.1 + 0.1)*rand(1,10) - 0.1

Yi =

  Columns 1 through 9

   -0.0530   -0.0294    0.0642   -0.0969   -0.0914   -0.0662    0.0298    0.0463    0.0295

  Column 10

   -0.0098

>> Xi_reshape = reshape(Xi,size(Xi,2),1)

Xi_reshape =

    0.0561
   -0.0221
   -0.0517
   -0.0192
   -0.0807
   -0.0736
    0.0884
    0.0912
    0.0150
   -0.0880

>> Yi_reshape = reshape(Yi,size(Yi,2),1)

Yi_reshape =

   -0.0530
   -0.0294
    0.0642
   -0.0969
   -0.0914
   -0.0662
    0.0298
    0.0463
    0.0295
   -0.0098

>> new_mat = [Xi_reshape Yi_reshape]

new_mat =

    0.0561   -0.0530
   -0.0221   -0.0294
   -0.0517    0.0642
   -0.0192   -0.0969
   -0.0807   -0.0914
   -0.0736   -0.0662
    0.0884    0.0298
    0.0912    0.0463
    0.0150    0.0295
   -0.0880   -0.0098

>> Ultimate_mat = new_mat + F

Ultimate_mat =

    1.0561    0.9470
    1.9779    1.9706
    2.9483    3.0642
    3.9808    3.9031
    4.9193    4.9086
    5.9264    5.9338
    7.0884    7.0298
    8.0912    8.0463
    9.0150    9.0295
    9.9120    9.9902

>> cov(Ultimate_mat)

ans =

    9.1721    9.2308
    9.2308    9.2942

>> Ultimate_mat_new = cov(Ultimate_mat)

Ultimate_mat_new =

    9.1721    9.2308
    9.2308    9.2942

>> [V,D] = eig(Ultimate_mat_new)

V =

   -0.7094    0.7048
    0.7048    0.7094


D =

    0.0022         0
         0   18.4642

>> diary off