>> F

F =

     1     1
     2     2
     3     3
     4     4
     5     5
     6     6
     7     7
     8     8
     9     9
    10    10

>> Xi = (0.1 + 0.1)*rand(1,10) - 0.1

Xi =

  Columns 1 through 9

    0.0561   -0.0221   -0.0517   -0.0192   -0.0807   -0.0736    0.0884    0.0912    0.0150

  Column 10

   -0.0880

>> Yi = (0.1 + 0.1)*rand(1,10) - 0.1

Yi =

  Columns 1 through 9

   -0.0530   -0.0294    0.0642   -0.0969   -0.0914   -0.0662    0.0298    0.0463    0.0295

  Column 10

   -0.0098

>> Xi_reshape = reshape(Xi,size(Xi,2),1)

Xi_reshape =

    0.0561
   -0.0221
   -0.0517
   -0.0192
   -0.0807
   -0.0736
    0.0884
    0.0912
    0.0150
   -0.0880

>> Yi_reshape = reshape(Yi,size(Yi,2),1)

Yi_reshape =

   -0.0530
   -0.0294
    0.0642
   -0.0969
   -0.0914
   -0.0662
    0.0298
    0.0463
    0.0295
   -0.0098

>> new_mat = [Xi_reshape Yi_reshape]

new_mat =

    0.0561   -0.0530
   -0.0221   -0.0294
   -0.0517    0.0642
   -0.0192   -0.0969
   -0.0807   -0.0914
   -0.0736   -0.0662
    0.0884    0.0298
    0.0912    0.0463
    0.0150    0.0295
   -0.0880   -0.0098

>> Ultimate_mat = new_mat + F

Ultimate_mat =

    1.0561    0.9470
    1.9779    1.9706
    2.9483    3.0642
    3.9808    3.9031
    4.9193    4.9086
    5.9264    5.9338
    7.0884    7.0298
    8.0912    8.0463
    9.0150    9.0295
    9.9120    9.9902

>> cov(Ultimate_mat)

ans =

    9.1721    9.2308
    9.2308    9.2942

>> Ultimate_mat_new = cov(Ultimate_mat)

Ultimate_mat_new =

    9.1721    9.2308
    9.2308    9.2942

>> [V,D] = eig(Ultimate_mat_new)

V =

   -0.7094    0.7048
    0.7048    0.7094


D =

    0.0022         0
         0   18.4642

>> 