diary on

v =

     3
     2
    -1
    -2


p =

     3
     2
    -1
    -2


res =

    4.2426

diary off
